300 10
1111100000
1111100000
1111100000
1111100000
1111100000
1111100000
1111100000
1111100000
1111100000
1111100000
1111100000
1111100000
1111100000
1111100000
1111100000
1111100000
1111100000
1111100000
1111100000
1111100000
1111100000
1111100000
1111100000
1111100000
1111100000
1111100000
1111000000
1111100000
1111100000
1111100000
1111100000
1111100000
1111100000
1111100000
1111100000
1111100000
1111100000
1111100000
1111100000
1111100000
1111100000
1111100000
1111100000
1111100000
1111100000
1111100000
1111100000
1111100000
1111100000
1111100000
1111100000
1111100000
1111100000
1111000000
1111100000
1111100000
1111100000
1111100000
1111100000
1111100000
1111100000
1111100000
1111100000
1111100000
1111100000
1111100000
1111100000
1111100000
1111100000
1111100000
1111100000
1111100000
1111100000
1111100000
1111100000
1111100000
1111100000
1111100000
1111100000
1111100000
1111000000
1111100000
1111100000
1111100000
1111100000
1111100000
1111100000
1111100000
1111100000
1111100000
1111100000
1111100000
1111100000
1111100000
1111100000
1111100000
1111100000
1111100000
1111100000
1111100000
1111100000
1111100000
1111100000
1111100000
1111100000
1111100000
1111100000
1111000000
1111100000
1111100000
1111100000
1111100000
1111100000
1111100000
1111100000
1111100000
1111100000
1111100000
1111100000
1111100000
1111100000
1111100000
1111100000
1111100000
1111100000
1111100000
1111100000
1111100000
1111100000
1111100000
1111100000
1111100000
1111100000
1111100000
1111000000
1111100000
1111100000
1111100000
1111100000
1111100000
1111100000
1111100000
1111100000
1111100000
1111100000
1111100000
1111100000
1111100000
1111100000
1111100000
1111100000
1111100000
1111100000
1111100000
1111100000
1111100000
1111100000
1111100000
1111100000
1111100000
1111100000
1111000000
1111100000
1111100000
1111100000
1111100000
1111100000
1111100000
1111100000
1111100000
1111100000
1111100000
1111100000
1111100000
1111100000
1111100000
1111100000
1111100000
1111100000
1111100000
1111100000
1111100000
1111100000
1111100000
1111100000
1111100000
1111100000
1111100000
1111000000
1111100000
1111100000
1111100000
1111100000
1111100000
1111100000
1111100000
1111100000
1111100000
1111100000
1111100000
1111100000
1111100000
1111100000
1111100000
1111100000
1111100000
1111100000
1111100000
1111100000
1111100000
1111100000
1111100000
1111100000
1111100000
1111100000
1111000000
1111100000
1111100000
1111100000
1111100000
1111100000
1111100000
1111100000
1111100000
1111100000
1111100000
1111100000
1111100000
1111100000
1111100000
1111100000
1111100000
1111100000
1111100000
1111100000
1111100000
1111100000
1111100000
1111100000
1111100000
1111100000
1111100000
1111000000
1111100000
1111100000
1111100000
1111100000
1111100000
1111100000
1111100000
1111100000
1111100000
1111100000
1111100000
1111100000
1111100000
1111100000
1111100000
1111100000
1111100000
1111100000
1111100000
1111100000
1111100000
1111100000
1111100000
1111100000
1111100000
1111100000
1111000000
1111100000
1111100000
1111100000
1111100000
1111100000
1111100000
1111100000
1111100000
1111100000
1111100000
1111100000
1111100000
1111100000
1111100000
1111100000
1111100000
1111100000
1111100000
1111100000
1111100000
1111100000
1111100000
1111100000
1111100000
1111100000
1111100000
1111000000
1110000011
0111100111
0011111111
3
1 7 299 1
1 3 299 10
1 4 297 1
